g=3.1, D=8, chimax=40

P=2
dt      CTMRG+QR            CTMRG+QR+PINV       TangentMPS
0.030                                           -1.553121839739728
0.040                                           -1.555354933947891
0.050                                           -1.557990781575344
0.060                                           -1.560876767728669
0.070                                           -1.563849851544555
0.080                                           -1.566746795367184
0.090                                           -1.569413252723844
0.095                                           -1.570616020514860
0.100                                           -1.571710744661027
0.105                                           -1.572683263895927
0.110                                           -1.573520731421790
0.120                                           -1.574745238363297
0.125                                           -1.575112266275525
0.130                                           -1.575303801515764
0.131                                           -1.575320305436653
0.132                                           -1.575329386702273
0.133                                           -1.575330979165311
0.134                                           -1.575325016595599
0.135                                           -1.575311432572969
0.136                                           -1.575290160358044
0.137                                           -1.575261132776973
0.138                                           -1.575224282086120
0.139                                           -1.575179539860818
0.140                                           -1.575126836857370
0.150                                           -1.574145884399671
0.160                                           -1.572281508980271
0.170                                           -1.569429930741483
0.180                                           -1.565449686246432


Correlator for dt = 0.133
1.786663056e-01, 1.394388297e-02, 4.382469643e-04, 5.673204764e-06, 4.218847494e-15, -1.498801083e-15, -2.498001805e-15, 3.552713679e-15, -3.774758284e-15, -7.771561173e-16, 
4.319903035e-02, 4.327018551e-05, 2.785962228e-08, 5.440092821e-15, -6.772360450e-15, -1.776356839e-15, 6.661338148e-16, 1.110223025e-15, -4.996003611e-15, 1.998401444e-15, 
1.786663056e-01, 1.394388297e-02, 4.382469643e-04, 5.673204764e-06, 4.218847494e-15, -1.498801083e-15, -2.498001805e-15, 3.552713679e-15, -3.774758284e-15, -7.771561172e-16, 
8.551333531e-01, 8.119775930e-01, 8.119343507e-01, 8.119343228e-01, 8.119343228e-01, 8.119343228e-01, 8.119343228e-01, 8.119343228e-01, 8.119343228e-01, 8.119343228e-01, 




Optimized 
-1.637082158963302
[0.211795, 0.0782374, 0.0993575, 0.137484]

ZZ
1.838244346e-01, 4.148388681e-02, 7.582797525e-03, 4.820709454e-04, -1.554312234e-15, 3.552713679e-15, 1.887379142e-15, 6.383782392e-15, 5.551115123e-17, -3.608224830e-16, 
XX
2.707863845e-02, 4.063036812e-04, 2.334433350e-05, 6.550315845e-15, 4.218847494e-15, 8.881784197e-16, 6.661338148e-16, 4.996003611e-15, -4.329869796e-15, -2.109423747e-15, 

<ZZ>
1.838244346e-01, 4.148388681e-02, 7.582797525e-03, 4.820709454e-04, -1.554312234e-15, 3.552713679e-15, 1.887379142e-15, 6.383782392e-15, 5.551115123e-17, -3.608224830e-16, 

<XX>
9.061454495e-01, 8.794731147e-01, 8.790901554e-01, 8.790668110e-01, 8.790668110e-01, 8.790668110e-01, 8.790668110e-01, 8.790668110e-01, 8.790668110e-01, 8.790668110e-01,




P=3
dt      CTMRG+QR            CTMRG+QR+PINV       TangentMPS
0.030   -1.555407817506988  -1.555407906791157  -1.555409120693981
0.060   -1.567917547385727  -1.567927177497352  -1.567984830294714
0.075   -1.575369888811573  -1.574735796014619  -1.574825151677626
0.090   -1.582714791285594  -1.581061275868386  -1.581260727461449
0.105   -1.590421910402434  -1.586815829742548  -1.587180782222279
0.120   -1.599086424872722  -1.592172394344459  -1.592749654932089
0.135   -1.609407692679376  -1.597356844706654  -1.598168412846821
0.150   -1.621954677083272  -1.602394566687203  -1.603402138146078
0.165   -1.623841951432740  -1.609878572252164  -1.607964364304332
0.180   CRASH               -1.613619856148354  -1.610810539585194
0.181                                           -1.610902950849289
0.182                                           -1.610980211530842
0.183                                           -1.611041747700698
0.184                                           -1.611086975087844
0.185                                           -1.611115299118105
0.186                                           -1.611126114949313
0.187                                           -1.611118807493071
0.188                                           -1.611092751443174
0.189                                           -1.611047311291411
0.190                                           -1.610981841331722
0.195                       -1.614479688850020  -1.610330731640720
0.200                       -1.613826463199120  -1.609076155150354
0.205                       -1.612581219393636  -1.607125865766223
0.210                       -1.610663674719638  -1.604381058795817
0.225                       -1.599996560277078  -1.590289459275867
0.240                       -1.579862915377957  -1.564831960662034

Correlator for dt=0.186
2.710171768e-01, 6.671810059e-02, 1.147373600e-02, 9.021948415e-04, 2.195638268e-05, 3.851849970e-07, -5.551115120e-17, 2.220446049e-16, -1.110223024e-16, 2.775557562e-16, 
5.400894202e-02, 8.216742247e-04, 3.686565060e-05, 1.996501509e-08, 1.108013681e-11, 3.097522239e-14, -1.421085472e-14, 1.498801083e-14, -9.325873407e-15, -3.663735981e-14, 
2.710171768e-01, 6.671810059e-02, 1.147373600e-02, 9.021948415e-04, 2.195638268e-05, 3.851849970e-07, -5.551115123e-17, 2.220446049e-16, -1.110223025e-16, 2.775557562e-16, 
8.015186053e-01, 7.483313376e-01, 7.475465290e-01, 7.475096833e-01, 7.475096633e-01, 7.475096633e-01, 7.475096633e-01, 7.475096633e-01, 7.475096633e-01, 7.475096633e-01

Optimized: -1.638902016084116 (patternsearch)
[0.210008, 0.0487849, 0.187113, 0.125984, 0.0867699, 0.137633]
ZZ:
[0.192353389924020, 0.051847160685777, 0.013397530460548, 0.002126086550951, 1.968490754396257e-04, 7.369669951989843e-06, -2.831068483522372e-15]
XX:
[0.028634293695285, 6.800628798055985e-04, 4.398016896178802e-05, 9.169103014627922e-07, 6.928926654659051e-09, 9.992007221626409e-15, 7.993605777301127e-15]

Optimized: -1.639452163530136 (fmincon)
[0.219475, 0.0676211, 0.187636, 0.147908, 0.0796201, 0.138724]
ZZ:
1.973687533e-01, 6.091391772e-02, 1.720166712e-02, 3.564049954e-03, 3.996457996e-04, 1.674054653e-05, -1.665334542e-16, -2.220446047e-16, 6.106226630e-16, -3.885780584e-16
XX:
2.882708313e-02, 1.059117047e-03, 6.294826730e-05, 2.926668204e-06, 4.347837057e-08, -9.547918012e-15, 2.142730438e-14, -4.551914401e-15, 1.998401444e-15, -1.243449788e-14,

<ZZ>
1.973687533e-01, 6.091391772e-02, 1.720166712e-02, 3.564049954e-03, 3.996457996e-04, 1.674054653e-05, -1.665334542e-16, -2.220446047e-16, 6.106226630e-16, -3.885780584e-16
<XX>
8.944273170e-01, 8.666593509e-01, 8.656631822e-01, 8.656031606e-01, 8.656002774e-01, 8.656002339e-01, 8.656002339e-01, 8.656002339e-01, 8.656002339e-01, 8.656002339e-01,

Optimized: -1.639453083755264 (fmincon)
[0.220197544997352,   0.067873307415358,   0.188395836318723,   0.148633111304449,   0.079878443787874,   0.139358546925807]



P=4
dt      CTMRG+QR            CTMRG+QR+PINV       TangentMPS
0.020                                           -1.554030410181957
0.040                                           -1.564407947713594
0.060                                           -1.577526781547720
0.080                                           -1.590691898009737
0.100                                           -1.603118383364798
0.120                                           -1.614463582961716
0.140                                           -1.623105727168611
0.145                                           -1.624536520681562
0.150                                           -1.625595098094381
0.155                                           -1.626251267511757
0.156                                           -1.626332157361022
0.157                                           -1.626395935059443
0.158                                           -1.626442490099611
0.159                                           -1.626471727776357
0.160                                           -1.626483569202450
0.161                                           -1.626477951247604
0.162                                           -1.626454826450835
0.163                                           -1.626414162812583
0.164                                           -1.626355943596152
0.165                                           -1.626280167011537
0.170                                           -1.625638847788419
0.175                                           -1.624566125760664
0.180                                           -1.623075332296361
0.190                                           -1.618909805694992
0.200                                           -1.613263011393583

dt = 0.160
2.563668036e-01, 7.521173917e-02, 1.743345123e-02, 2.294734142e-03, 1.600500144e-04, 5.320996671e-06, 6.060585966e-08, 3.742596788e-10, 1.465494392e-14, 1.026956299e-15, 
4.563287198e-02, 1.217276072e-03, 8.027554336e-05, 1.073723937e-06, 2.657929654e-09, 4.419797861e-13, 2.708944180e-14, 3.330669074e-15, 1.254552018e-14, -7.771561172e-16, 
2.563668036e-01, 7.521173917e-02, 1.743345123e-02, 2.294734142e-03, 1.600500144e-04, 5.320996671e-06, 6.060585966e-08, 3.742596788e-10, 1.465494393e-14, 1.026956298e-15, 
8.269939328e-01, 7.825783378e-01, 7.814413363e-01, 7.813621354e-01, 7.813610635e-01, 7.813610617e-01, 7.813610608e-01, 7.813610617e-01, 7.813610608e-01, 7.813610617e-01, 

Optimized
0.188203026527860   0.057178376382463   0.113032676966727   0.082876534680420   0.155597288496211   0.103454060366586   0.072649640343526   0.128409021813296
energy: -1.639993605112120
ZZ
2.010272499e-01, 6.562362998e-02, 2.087854896e-02, 4.980417272e-03, 7.270422217e-04, 5.748644368e-05, 2.228916732e-06, 3.075849851e-08, -4.142847865e-10, -3.508650650e-11, 
XX
2.938980872e-02, 1.205323784e-03, 9.437195464e-05, 5.751493774e-06, 1.386744608e-07, 6.213806136e-10, 5.834999151e-12, 2.006173005e-13, 1.454392162e-14, -1.443289932e-14, 
<XX>
8.912522898e-01, 8.630679183e-01, 8.619568530e-01, 8.618683460e-01, 8.618626198e-01, 8.618625951e-01, 8.618624811e-01, 8.618625945e-01, 8.618624811e-01, 8.618625945e-01, 


0.214710000000000   0.062026500000000   0.179503000000000   0.130031000000000   0.158211000000000   0.142310000000000   0.070126200000000   0.128373000000000
-1.640713136320615
ZZ
2.060430760e-01, 7.206652272e-02, 2.811384679e-02, 8.355761169e-03, 1.718817764e-03, 2.162043829e-04, 1.416948623e-05, 3.814151274e-07, 3.299245183e-09, -5.753358900e-11, 
XX
3.000618620e-02, 1.364590603e-03, 2.006767171e-04, 1.579680128e-05, 7.196570672e-07, 1.920702908e-08, 6.471227998e-10, 1.554645301e-11, -5.907496714e-13, -3.963496198e-14, 
8.867269941e-01, 8.580854810e-01, 8.569214846e-01, 8.567366872e-01, 8.567215276e-01, 8.567209096e-01, 8.567208086e-01, 8.567208904e-01, 8.567208079e-01, 8.567208904e-01, 


P=5
dt      CTMRG+QR            CTMRG+QR+PINV       TangentMPS
0.015                                           -1.553443047634895
0.030                                           -1.562650044945358
0.045                                           -1.575076252647584
0.060                                           -1.588299486801739
0.075                                           -1.600943676605273
0.090                                           -1.612351586098510
0.105                                           -1.621755797432396
0.120                                           -1.628099595174694
0.134                                           -1.630719599156496
0.135                                           -1.630790737864662
0.136                                           -1.630847951604891
0.137                                           -1.630891625866463
0.138                                           -1.630922164263288
0.139                                           -1.630940000782097
0.140                                           -1.630945561749329
0.141                                           -1.630939315284084
0.142                                           -1.630921705733944
0.143                                           -1.630893208604198
0.144                                           -1.630854300967863
0.145                                           -1.630805456235139
0.150                                           -1.630429158890026
0.160                                           -1.629194306399637
0.165                                           -1.628423320810039
0.180                                           -1.625616838067774
0.195                                           -1.621163167632730

dt = 0.140
2.491699925e-01, 7.897877328e-02, 2.149883314e-02, 3.657517483e-03, 3.635701816e-04, 2.073345914e-05, 6.542473152e-07, 1.049058829e-08, 9.379086396e-11, 3.741174035e-12, 
4.253137395e-02, 1.386081696e-03, 1.152945485e-04, 3.563188725e-06, 3.015457195e-08, 5.993983088e-11, -4.475309012e-13, -3.774758284e-15, 1.099120794e-14, 1.243449788e-14, 
2.491699925e-01, 7.897877328e-02, 2.149883314e-02, 3.657517483e-03, 3.635701816e-04, 2.073345914e-05, 6.542473152e-07, 1.049058829e-08, 9.379086396e-11, 3.741174037e-12, 
8.372467860e-01, 7.961014984e-01, 7.948307066e-01, 7.947189799e-01, 7.947154422e-01, 7.947154167e-01, 7.947154121e-01, 7.947154167e-01, 7.947154121e-01, 7.947154167e-01, 

X
0.890321466499903

optimized 
0.208598879264405   0.059134381576944   0.170449385614269   0.119695318065838   0.158873860711055   0.135774120591866   0.077655155166653   0.128300473776607   0.013683873960638   0.023476386089251
-1.640570126943121

0.214701166117327   0.061395873212077   0.181876937181200   0.130147466605613   0.157670801149547   0.144265805639256   0.085420670683318   0.122139325763720   0.031610209200114   0.05
-1.640824541390868

0.214067    0.0607226   0.181083    0.128733    0.155795    0.142582    0.0879033   0.11929 0.0359293   0.0574288
2.075074883e-01, 7.437788835e-02, 3.255284015e-02, 1.118642325e-02, 2.648489544e-03, 3.954577454e-04, 2.776102763e-05, -2.298620414e-06, -1.242381700e-06, -3.372862222e-07, 
3.001720940e-02, 1.403486637e-03, 2.666422408e-04, 3.219521018e-05, 2.039767797e-06, 9.280117819e-08, 5.039021977e-09, 2.369520136e-10, 3.957278949e-12, -8.182343691e-14, 
2.075074883e-01, 7.437788835e-02, 3.255284015e-02, 1.118642325e-02, 2.648489544e-03, 3.954577454e-04, 2.776102763e-05, -2.298620414e-06, -1.242381700e-06, -3.372862222e-07, 
8.851289970e-01, 8.565162395e-01, 8.553784298e-01, 8.551449481e-01, 8.551138273e-01, 8.551128457e-01, 8.551117926e-01, 8.551127531e-01, 8.551117876e-01, 8.551127529e-01, 
-1.640845706501347




P=6
dt      CTMRG+QR            CTMRG+QR+PINV       TangentMPS
0.015                                           -1.55480921646944
0.03                                            -1.567293313749371
0.045                                           -1.583272306831552
0.060                                           -1.599208428478841
0.075                                           -1.613177071671254
0.09                                            -1.623917911838888
0.105                                           -1.630403942249818
0.110                                           -1.631600524806988
0.115                                           -1.632385480950825 
0.120                                           -1.632834017948718
0.125                                           -1.633031224566718
0.126                                           -1.633048402963911
0.127                                           -1.633059675867643
0.128                                           -1.633065672774194
0.129                                           -1.633066998425776
0.130                                           -1.633064228193766
0.131                                           -1.633057902005838
0.132                                           -1.633048530571771
0.133                                           -1.633036577546730
0.134                                           -1.633022469607441   
0.135                                           -1.633006632120799
0.140                                           -1.632911410614696
0.145                                           -1.632802092706769
0.15                                            -1.632671971742593
0.165                                           -1.631713268150031

dt = 0.129

2.468603051e-01, 8.206929027e-02, 2.540099095e-02, 5.413267994e-03, 7.211588298e-04, 5.929560461e-05, 3.002799516e-06, 9.136492821e-08, 1.513163261e-09, 6.698225299e-12, 
4.188588710e-02, 1.557883941e-03, 1.488959787e-04, 7.755923992e-06, 1.482509001e-07, 1.006611572e-09, 7.558620396e-12, 3.269606808e-13, 1.543210004e-14, 1.998401444e-15, 
2.468603051e-01, 8.206929027e-02, 2.540099095e-02, 5.413267994e-03, 7.211588298e-04, 5.929560461e-05, 3.002799516e-06, 9.136492821e-08, 1.513163261e-09, 6.698225308e-12, 
8.417066031e-01, 8.013782285e-01, 7.999696120e-01, 7.998281005e-01, 7.998208642e-01, 7.998203456e-01, 7.998207160e-01, 7.998203446e-01, 7.998207160e-01, 7.998203446e-01, 


Optimized
[0.202691, 0.0574456, 0.159279, 0.108814, 0.161703, 0.12929, 0.0767527, 0.132749, 0.012371, 0.017035, 0.00499494, 0.0031024];
-1.640547566903154

2.046443210e-01, 7.057694260e-02, 2.683305022e-02, 7.797456493e-03, 1.554126183e-03, 1.764596711e-04, 5.679730182e-06, -1.832187554e-06, -5.528350729e-07, -1.160473639e-07, 
3.003266700e-02, 1.377767401e-03, 1.835924653e-04, 1.414560339e-05, 7.017229278e-07, 1.832511165e-08, 5.608131737e-10, 2.304700875e-11, 4.057865155e-13, 1.088018564e-14, 
2.046443210e-01, 7.057694260e-02, 2.683305022e-02, 7.797456493e-03, 1.554126183e-03, 1.764596711e-04, 5.679730182e-06, -1.832187554e-06, -5.528350729e-07, -1.160473639e-07, 
8.882213886e-01, 8.595668246e-01, 8.583723141e-01, 8.582032028e-01, 8.581894234e-01, 8.581890755e-01, 8.581887222e-01, 8.581890572e-01, 8.581887216e-01, 8.581890572e-01, 

Opimitzed
0.208598879264405   0.059134381576944   0.170449385614269   0.119695318065838   0.158873860711055   0.135774120591866   0.077655155166653   0.128300473776607   0.013683873960638   0.023476386089251   0.007396872841463   0.004243678412605
-1.640696444261900

0.214482689755156   0.061273466250288   0.181357474921978   0.129642706718628   0.155575607967600   0.142789045104409   0.091353865093922   0.120214240992870   0.036149953106173
0.060500000000000   0.001295508404810   0.001124253969948




P=7
dt      CTMRG+QR            CTMRG+QR+PINV       TangentMPS
0.015                                          -1.556399380958130
0.03                                           -1.572426677174707 
0.045                                          -1.591679425060610
0.060                                          -1.609273179343683 
0.075                                          -1.622684933077212
0.090                                          -1.630657642057865
0.105                                          -1.633792456633866
0.120                                          -1.634671953647555
0.125                                          -1.634864727843222
0.130                                          -1.635043197058783
0.135                                          -1.635176320322121
0.137                                          -1.635205284604287
0.138                                          -1.635212712311259
0.139                                          -1.635214819580091
0.140                                          -1.635211118881647
0.141                                          -1.635201221139321
0.145                                          -1.635091278411842
0.15                                           -1.634772790130145
0.165                                          -1.631713321635306


dt = 0.139
2.487807748e-01, 8.655302910e-02, 3.138641103e-02, 9.277683299e-03, 1.998732520e-03, 2.947663377e-04, 2.904631081e-05, 1.888537588e-06, 7.921483510e-08, 1.878546785e-09, 
4.217129286e-02, 1.719750904e-03, 2.193048927e-04, 1.936620469e-05, 9.796652678e-07, 2.382577224e-08, 3.575983953e-10, 9.701128789e-12, 3.724798248e-13, 9.325873407e-15, 
2.487807748e-01, 8.655302910e-02, 3.138641103e-02, 9.277683299e-03, 1.998732520e-03, 2.947663377e-04, 2.904631081e-05, 1.888537591e-06, 7.921483702e-08, 1.878549816e-09, 
8.422540130e-01, 8.018035491e-01, 8.003020251e-01, 8.001031644e-01, 8.000836998e-01, 8.000838220e-01, 8.000827205e-01, 8.000837982e-01, 8.000827202e-01, 8.000837982e-01, 


P=8
dt      CTMRG+QR            CTMRG+QR+PINV       TangentMPS
0.015                                           -1.558196995087694
0.030                                           -1.577899529188692
0.045                                           -1.599856099660653
0.060                                           -1.617772975690179
0.075                                           -1.629019173780199
0.090                                           -1.633866337322450
0.105                                           -1.635464234895300
0.120                                           -1.636429695246998
0.125                                           -1.636595473289023
0.126                                           -1.636611517154577
0.127                                           -1.636620699264170
0.128                                           -1.636623259635118
0.129                                           -1.636618689899021
0.130                                           -1.636607119850307
0.131                                           -1.636588537496301
0.132                                           -1.636562807923602
0.133                                           -1.636529938584289
0.135                                           -1.636443854842650
0.140                                           -1.636118641837872
0.150                                           -1.635163053383826

dt = 0.128
2.460462969e-01, 8.836804814e-02, 3.348181300e-02, 1.059039716e-02, 2.524434990e-03, 4.270076267e-04, 5.002807370e-05, 4.022286590e-06, 2.142036955e-07, 4.506344587e-09, 
4.034171511e-02, 1.794928573e-03, 2.476216951e-04, 2.564141267e-05, 1.603960016e-06, 5.263380709e-08, 1.109879189e-09, 3.799172088e-11, 1.733724275e-12, 7.316369732e-14, 
2.460462969e-01, 8.836804814e-02, 3.348181300e-02, 1.059039716e-02, 2.524434990e-03, 4.270076267e-04, 5.002807371e-05, 4.022286582e-06, 2.142036996e-07, 4.506337137e-09, 
8.452118952e-01, 8.066653350e-01, 8.051178018e-01, 8.048960478e-01, 8.048717840e-01, 8.048704590e-01, 8.048701812e-01, 8.048704064e-01, 8.048701801e-01, 8.048704064e-01, 

X
0.896791318104449

P = 9
dt
0.015                                           -1.560186613557549
0.030                                           -1.583560869853494
0.045                                           -1.607432581229034
0.060                                           -1.624354566915501
0.075                                           -1.632712116931135
0.090                                           -1.635527798996199
0.105                                           -1.636897966301110
0.115                                           -1.637383246216996
0.116                                           -1.637398899690125
0.117                                           -1.637408084399518
0.118                                           -1.637410850641437 (tangentmps tolerance 1e-5)
0.118                                           -1.637411581660661 (tangentmps tolerance 5e-5)
0.119                                           -1.637407398070073
0.120                                           -1.637398025347090
0.125                                           -1.637272947699418 
0.135                                           -1.636821908761626           
0.150                                           -1.636131930563657

dt=0.118
2.440717459e-01, 8.979070151e-02, 3.511658389e-02, 1.165391426e-02, 2.980817589e-03, 5.546894145e-04, 7.328928580e-05, 6.826623604e-06, 4.313155475e-07, 9.776390723e-09, 
3.909604948e-02, 1.851322975e-03, 2.668109252e-04, 3.103314046e-05, 2.284681605e-06, 9.328448336e-08, 2.466792326e-09, 9.052258942e-11, 4.667266573e-12, 2.192690474e-13, 
2.440717459e-01, 8.979070151e-02, 3.511658390e-02, 1.165391426e-02, 2.980817590e-03, 5.546894151e-04, 7.328928641e-05, 6.826624179e-06, 4.313161665e-07, 9.776965237e-09, 
8.471658166e-01, 8.099210258e-01, 8.083365780e-01, 8.081007359e-01, 8.080720518e-01, 8.080697961e-01, 8.080697696e-01, 8.080697029e-01, 8.080697671e-01, 8.080697028e-01, 



P=10
0.01                                            -1.555751666124283
0.02                                            -1.570617924295191
0.03                                            -1.589265355329981
0.04                                            -1.606773470372397
0.05                                            -1.620328360454909
0.06                                            -1.629046744642583
0.07                                            -1.633562405410713
0.08                                            -1.635594621736237
0.09                                            -1.636772211695338
0.10                                            -1.637604910803834
0.102                                           -1.637713012818442
0.105                                           -1.637825941034404
0.107                                           -1.637870567547005
0.110                                           -1.637893760512448
0.111                                           -1.637895588341961
0.112                                           -1.637890972131171
0.115                                           -1.637859716831045
0.12                                            -1.637779080577376
0.13                                            -1.637689828348284
0.14                                            -1.636118641837872

dt=0.111
2.431905644e-01, 9.115109884e-02, 3.671525377e-02, 1.278110140e-02, 3.501907931e-03, 7.144744400e-04, 1.053492416e-04, 1.097198759e-05, 7.171898504e-07, -1.063893643e-08, 
3.846519243e-02, 1.886875397e-03, 2.800783633e-04, 3.639779619e-05, 3.123256319e-06, 1.519418258e-07, 4.614534532e-09, 1.886957257e-10, 1.180178177e-11, 6.061817714e-13, 
2.431905644e-01, 9.115109884e-02, 3.671525377e-02, 1.278110140e-02, 3.501907931e-03, 7.144744400e-04, 1.053492416e-04, 1.097198758e-05, 7.171898544e-07, -1.063893926e-08, 
8.481184851e-01, 8.115398309e-01, 8.099333710e-01, 8.096893533e-01, 8.096564159e-01, 8.096531074e-01, 8.096532973e-01, 8.096529557e-01, 8.096532927e-01, 8.096529555e-01,


p = 20
0.01                                            -1.570586037012827
0.02                                            -1.607159469387091
0.03                                            -1.628996730873933
0.04                                            -1.635977031654524
0.05                                          
0.06  
0.08                                            -1.640499037415169