hx=1, g=1

P = 2
0.10    -0.088145449364998
0.20    -0.228469471682849
0.25    -0.266491210530997
0.275   -0.276116678724350
0.28    -0.277423344746208
0.29    -0.279497916760731
0.30    -0.280915840307869
0.31    -0.281741892548290
0.32    -0.282026249017603
0.325   -0.281976041069065
0.35    -0.279840909531925
0.40    -0.264122509978036

BB
-0.480650450379170
0.569497686806119 0.192892017386209 0.336633308728385 0.340395611068835


P = 3
0.10    -0.142990683949297
0.20    -0.270602162051797
0.21    -0.275539892824078
0.22    -0.279819208414127
0.23    -0.283663324249475
0.235   -0.285481805655703
0.24    -0.287257418400100
0.245   -0.289005956594821
0.25    -0.290740036530806
0.26    -0.294199445523380
0.30    -0.307968674952310
0.31    -0.311138160764372
0.35    -0.320190068231931
0.36    -0.321166289693221
0.37    -0.321519705217892
0.38    -0.321183134614500
0.39    -0.320130094237152
0.40    -0.318295095361069
0.41    -0.315602244368611
0.50    -0.233570540087938

BB
1.45417 -0.274234 0.496561  0.452291  0.302535  0.37406
Energy: -0.52906

P = 4
0.10    -0.200719905398663
0.15    -0.278482646870351
0.20    -0.310894346831935
0.25    -0.335383758460009
0.30    -0.348719505112114
0.35    -0.350953987535643
0.36    -0.351143453398903
0.37    -0.351374368689320
0.38    -0.351615823973956
0.39    -0.351795519677314
0.40    -0.351769074967040
0.41    -0.351317502634096
0.42    -0.350133112827072
0.43    -0.347526708131789
0.44    -0.342881068595297

BB
1.46208 -0.302196 0.497629 0.452941 0.43011 0.256023 0.236697 0.330463
-0.598728962006828
1.47096 -0.315254 0.523241 0.462795 0.446054 0.261136 0.232425 0.338651



P = 5
0.10    -0.247794128971705
0.20    -0.346101801358778
0.30    -0.402184264383226
0.31    -0.407844168805472
0.32    -0.413134042488488
0.33    -0.417688701021639
0.34    -0.421107313731558
0.35    -0.422945034608233
0.36    -0.423155987376114
0.37    -0.421624913099284
0.40    -0.405355765704249
BB
[1.46064 -0.33358 0.529702 0.481742 0.456475 0.259067 0.266755 0.317639 0.0634666 0.235534];

P=6
0.10    -0.283173756059315
0.20    -0.378924146569979
0.30    -0.446313925636667
0.31    -0.450798369919653
0.32    -0.454718736741035
0.33    -0.458334960685844
0.34    -0.461410828231818
0.35    -0.464528052860774
